# photon numbers, theoretical thermal state, reconstruct thermal state, error
0.000000000000000000e+00 7.495834222189582396e-01 7.493219717769971089e-01 3.775011733087640931e-03
1.000000000000000000e+00 1.877081153534732594e-01 1.884417541229073123e-01 1.910050194471935026e-03
2.000000000000000000e+00 4.700522386854581736e-02 4.652121218181302920e-02 1.162388175420959319e-03
3.000000000000000000e+00 1.177088729899298733e-02 1.168458771225451207e-02 4.632025348034829806e-04
4.000000000000000000e+00 2.947625314860155468e-03 2.987021273806657329e-03 1.618681696844604008e-04
5.000000000000000000e+00 7.381342439280461553e-04 7.697237325565418377e-04 5.328058158688455921e-05
6.000000000000000000e+00 1.848410513074580798e-04 2.014492484027922070e-04 1.677626226465040284e-05
7.000000000000000000e+00 4.628726350186361814e-05 5.347763966894723581e-05 5.187292590174124446e-06
8.000000000000000000e+00 1.159109812098601139e-05 1.407735500814474051e-05 1.595671421671317882e-06
9.000000000000000000e+00 2.902603124181581697e-06 3.571114359841609068e-06 4.789851933589909423e-07
1.000000000000000000e+01 7.268599410141122400e-07 8.653732201641148107e-07 1.357118261774713973e-07
1.100000000000000000e+01 1.820177789548839032e-07 2.060076706184142498e-07 3.590436878286484131e-08
1.200000000000000000e+01 4.558026930118817216e-08 5.141128086349515120e-08 9.104938855137637643e-09
