# photon numbers, theoretical thermal state, reconstruct thermal state, error
0.000000000000000000e+00 4.926571633307254006e-01 4.928090212086254640e-01 5.039578645933101564e-03
1.000000000000000000e+00 2.499460827496483017e-01 2.518441230514955609e-01 2.500069341587751737e-05
2.000000000000000000e+00 1.268083546365797731e-01 1.258786393607176923e-01 1.243348882179057258e-03
3.000000000000000000e+00 6.433531035468573189e-02 6.318913760817528036e-02 1.228565771559917558e-03
4.000000000000000000e+00 3.264005885334440166e-02 3.209185513311080262e-02 9.219692630910557990e-04
5.000000000000000000e+00 1.655970004770781351e-02 1.643753295838854683e-02 6.263143901930178642e-04
6.000000000000000000e+00 8.401445196596404527e-03 8.475301667930274646e-03 4.020658312694656497e-04
7.000000000000000000e+00 4.262413038162669691e-03 4.400759282542334762e-03 2.486945778756538376e-04
8.000000000000000000e+00 2.162504721837549358e-03 2.302022159942598151e-03 1.504355111720057439e-04
9.000000000000000000e+00 1.097131279887762594e-03 1.211954703691816302e-03 8.993898145424872835e-05
1.000000000000000000e+01 5.566216957368491907e-04 6.408854599778807636e-04 5.342524532539970859e-05
1.100000000000000000e+01 2.823980300667949762e-04 3.396245256056105890e-04 3.155979309662381620e-05
1.200000000000000000e+01 1.432726176439027990e-04 1.800000509719094032e-04 1.851564934138755269e-05
