#  P,Q, P error low, P error high, Q error low, Q error high
0.000000000000000000e+00 0.000000000000000000e+00 0.000000000000000000e+00 0.000000000000000000e+00 0.000000000000000000e+00 0.000000000000000000e+00
5.826271955231275183e-05 3.519417982836995917e-01 1.058103505894976766e-08 1.058103505894976766e-08 2.524719022268677153e-05 2.524719022268677153e-05
1.987806189268512366e-09 1.423440964537837361e-01 1.055019017918555313e-10 1.055019017918555313e-10 2.508872297678145009e-05 2.508872297678145009e-05
3.105873509922545258e-11 5.661725790858022911e-02 2.660579255388904955e-11 7.158680612757666011e-11 6.154421513342375749e-04 6.335746653808732587e-04
1.088745590340436096e-10 2.199176093314864078e-02 9.278000233834482950e-11 2.552441460466640933e-10 2.454409822610914560e-04 2.517977891962133730e-04
4.252358013326544793e-10 8.298252543014219412e-03 3.631068956436947091e-10 9.866123474102928123e-10 1.146955025431179581e-04 1.172374970385501453e-04
1.889166655225994522e-09 3.035090875992813714e-03 1.616647318618644824e-09 4.397520053568334683e-09 9.796358923889548001e-05 9.857549593001585508e-05
9.938445551304531625e-09 1.010770180664027820e-03 8.496169175973493334e-09 2.331680964372257528e-08 1.230410754685681927e-04 1.230849346522560651e-04
6.720904437797163510e-08 4.832565706001359300e-04 5.736576107861252454e-08 1.553508214466324115e-07 1.870244829137317796e-04 2.527792335325336026e-04
