#  P,Q, P error low, P error high, Q error low, Q error high
1.078773539860682779e-02 1.839041722070220708e-01 2.089526650063729812e-04 2.179775135344123177e-04 1.867676106749149856e-03 1.923036724591292712e-03
2.578213527225812259e-03 1.742154715987007385e-01 5.008911281744474545e-05 5.152765996720501396e-05 1.737268804963804092e-03 1.789939123416184330e-03
1.850206948590910061e-02 2.068147281458969644e-01 3.556760394697738858e-04 3.741182678254420524e-04 2.041655983159890164e-03 2.145126028331140189e-03
4.358814207567125081e-04 1.523750194126486934e-01 8.450039275139525647e-06 8.836731374097374185e-06 1.518778465466524841e-03 1.570502010470209431e-03
2.082084029828190630e-02 2.000604546831485087e-01 3.995128894056336477e-04 4.206063995047144843e-04 1.967323048985003542e-03 2.055053424066616286e-03
1.255492664334824718e-02 1.855667480586021822e-01 2.447643952624770081e-04 2.528877789603860282e-04 1.873228582167485445e-03 1.929639556675105672e-03
3.370308292322291184e-03 1.675879863046958740e-01 6.567097595566858889e-05 6.762180118485578567e-05 1.669882728025123830e-03 1.714344337637896398e-03
1.348734077053356621e-03 1.546045207534750832e-01 2.614950904568304375e-05 2.717904307482886528e-05 1.538241008880836258e-03 1.602600642803403419e-03
2.101857479786194659e-03 1.573584532634643707e-01 4.135617239014186333e-05 4.283687820570269283e-05 1.593602037260416493e-03 1.651173109858822263e-03
7.117874122277434434e-02 2.691964459827523304e-01 1.392949926700998153e-03 1.456490599214627091e-03 2.742328794785864332e-03 2.853356163941667134e-03
6.346532928283841503e-04 7.355396828995681979e-02 1.230021309965275214e-05 1.283908252544920577e-05 7.460642928549393593e-04 7.741307924044177335e-04
6.752388348965667462e-05 7.049977324581645222e-02 1.325611246897245897e-06 1.377832212966844196e-06 7.026489282749848186e-04 7.241708020566950399e-04
1.481206953889094551e-03 8.659449031500551786e-02 2.951489466631956014e-05 3.066543638714455157e-05 8.613913854358529187e-04 8.991472298936487029e-04
5.584218151285200362e-06 6.175086376786987491e-02 1.391765822784166016e-07 1.427220904302976156e-07 6.373756540951347471e-04 6.631324496052734552e-04
2.163471506884045298e-03 8.181976399964005497e-02 4.204661241794362472e-05 4.423520485836475447e-05 8.311592046088833730e-04 8.748327556628993085e-04
9.911772483815095743e-04 7.362445828845931572e-02 1.951477789072296291e-05 2.047802469327996214e-05 7.649262825751568240e-04 8.013699849840349998e-04
1.345248874898260561e-04 6.709394006235781804e-02 2.858630076847527065e-06 2.972358864423757432e-06 6.856303933439611420e-04 7.059581176147855519e-04
3.538699358737835087e-05 6.219603198505296859e-02 9.081405783297103905e-07 9.334173764984472982e-07 6.447428543567418346e-04 6.690733186213992933e-04
6.650567262579769854e-05 6.357827531884394090e-02 1.312340255336794841e-06 1.380042657157784839e-06 6.640876658505767693e-04 6.910523899437553963e-04
1.301541904735795119e-02 1.172591261530075979e-01 2.573050049687643226e-04 2.696784467369952448e-04 1.199831025598771528e-03 1.260877708911575801e-03
2.687121349562240303e-05 2.872143708670768514e-02 5.369198991726432848e-07 5.520533508647898805e-07 2.941885482574194133e-04 3.022363430169698606e-04
1.244795132878792500e-06 2.826920919884041983e-02 6.354657831962013793e-08 6.412915908874739971e-08 2.875778542565932128e-04 2.967198968858789088e-04
8.607850242272775524e-05 3.520710395883024091e-02 3.992402395721492071e-06 4.025302834196483833e-06 3.598359785051685744e-04 3.707386793519173995e-04
7.178416741211448345e-08 2.485540890369163786e-02 1.762634613085838431e-08 2.115789274050620789e-08 3.380086001003659857e-04 3.440265360530950223e-04
2.655310966616766582e-04 3.279627796801980189e-02 5.184253508171035411e-06 5.423607703107242561e-06 4.058235421288969302e-04 4.165778904432829166e-04
9.554857120368549371e-05 2.813214734236212794e-02 2.311372085244788998e-06 2.355872289978774023e-06 3.624177068823376813e-04 3.710934571461502185e-04
6.942176076649035856e-06 2.631327320911427958e-02 5.482447664508215021e-07 5.563130234389091706e-07 3.458215320733190601e-04 3.523058263441465610e-04
1.169975158825670469e-06 2.508688351886734572e-02 2.110475989237458055e-07 2.107601136991496790e-07 3.351622409181360951e-04 3.437807098164505359e-04
2.721753218578389940e-06 2.570614004364216859e-02 9.278255073459546438e-08 9.487359984064227652e-08 3.387171551437508088e-04 3.472404588196267849e-04
1.776879756931174729e-03 4.618046443806528289e-02 4.239508854336185469e-05 4.368456372368079675e-05 4.918576566667193228e-04 5.129724940746982487e-04
