# POVM2 P, POVM2 Q; POVM3 P, POVM3 Q; POVM4 P, POVM4 Q
2.822646351372263522e-10 2.459737549647914868e-15 1.575264919617900735e-20 1.364938828058543108e-01 5.306690363931430149e-02 2.051568688062619175e-02
4.822874054501063146e-10 5.493699185931339695e-15 4.598924784897354301e-20 1.364956094421448385e-01 5.306757355184569397e-02 2.051594300449869832e-02
8.240513291676763846e-10 1.226986851599865077e-14 1.342634994821433264e-19 1.364978664542386699e-01 5.306844924331505231e-02 2.051627780264125844e-02
1.407995148825382646e-09 2.740397370032514913e-14 3.919748894506837824e-19 1.365008167727243260e-01 5.306959392867468400e-02 2.051671544364043823e-02
2.405725981233396609e-09 6.120478053744994210e-14 1.144344368217983352e-18 1.365046733897967157e-01 5.307109024612882003e-02 2.051728752204180078e-02
4.110443495259655387e-09 1.366956692577113198e-13 3.340818506158243228e-18 1.365097147478391559e-01 5.307304622770497166e-02 2.051803534102740467e-02
7.023085731885869014e-09 3.052959471581493707e-13 9.753173827502238927e-18 1.365163048631540810e-01 5.307560310700611822e-02 2.051901289747991644e-02
1.199949659192966853e-08 6.818411920048476582e-13 2.847311885170308137e-17 1.365249196452730240e-01 5.307894553078004035e-02 2.052029078606297519e-02
2.050182647199596894e-08 1.522790248251147890e-12 8.312255452817531976e-17 1.365361813250970668e-01 5.308331491664284446e-02 2.052196130611641176e-02
3.502796048453709926e-08 3.400869401624452148e-12 2.426587064238922765e-16 1.365509035000417315e-01 5.308902693014415364e-02 2.052414514341311877e-02
5.984497634987962117e-08 7.595050965434956957e-12 7.083761465068028099e-16 1.365701500871167873e-01 5.309649435812583557e-02 2.052700011494286783e-02
1.022417316906350635e-07 1.696131406650851490e-11 2.067855964703678972e-15 1.365953125067618235e-01 5.310625705583651990e-02 2.053073261798121774e-02
1.746676784202918020e-07 3.787674927739220726e-11 6.036168509914562320e-15 1.366282107839267290e-01 5.311902117469078505e-02 2.053561262706021448e-02
2.983841803541320061e-07 8.457957731757396125e-11 1.761904823392896368e-14 1.366712260605301432e-01 5.313571057967669126e-02 2.054199335080071284e-02
5.096962664190439003e-07 1.888563821754464036e-10 5.142536878944968815e-14 1.367274744189388991e-01 5.315753430046702560e-02 2.055033701790152240e-02
8.705847355771777544e-07 4.216605562789090228e-10 1.500853297068424399e-13 1.368010351325785745e-01 5.318607511215978773e-02 2.056124873993385102e-02
1.486837492108499150e-06 9.413448292387413264e-10 4.379801655665867432e-13 1.368972507855859833e-01 5.322340602873157356e-02 2.057552104317965716e-02
2.538951107714300713e-06 2.101236644113857457e-09 1.277945418329026666e-12 1.370231225616814763e-01 5.327224378492814022e-02 2.059419253753182188e-02
4.334755635263441316e-06 4.689465662784127030e-09 3.728154558857053195e-12 1.371878319996574225e-01 5.333615152916892921e-02 2.061862539235932712e-02
7.398941656943264278e-06 1.046333216944985669e-08 1.087366195779437211e-11 1.374034315281637275e-01 5.341980732202753629e-02 2.065060795881393935e-02
1.262516128493314275e-05 2.333907628927420137e-08 3.170497665775841753e-11 1.376857614093740245e-01 5.352936119612566185e-02 2.069249123082685451e-02
2.153398084622378629e-05 5.203834128371089181e-08 9.240781594824555802e-11 1.380556722203141184e-01 5.367291235979514824e-02 2.074737120823579722e-02
3.670933129472864019e-05 1.159674011853823265e-07 2.691951895040766727e-10 1.385406624274275744e-01 5.386115100597497346e-02 2.081933414790572770e-02
6.253470453579996113e-05 2.582564871632741764e-07 7.836728141981978796e-10 1.391770839141193428e-01 5.410822835832034688e-02 2.091378902774134602e-02
1.064299134630949126e-04 5.746164216966046938e-07 2.279406099593465635e-09 1.400131300061935036e-01 5.443294772239212070e-02 2.103792274034092108e-02
1.809175761960618676e-04 1.277017457458885310e-06 6.622334289905649820e-09 1.411129077973155843e-01 5.486041452452557199e-02 2.120133101321379152e-02
3.070511986728761359e-04 2.833683737940875572e-06 1.921100162203390407e-08 1.425620175877891638e-01 5.542435488601905186e-02 2.141690604172354073e-02
5.200473105423815672e-04 6.275339699115763135e-06 5.562094989160053126e-08 1.444752231889841199e-01 5.617042751061721018e-02 2.170210779569306525e-02
8.784184704031904175e-04 1.386075661021720664e-05 1.606255539566025005e-07 1.470069933619376212e-01 5.716104155503422962e-02 2.208082345566648660e-02
1.478520321070452004e-03 3.051057429538317503e-05 4.623133405052976183e-07 1.503658914445533956e-01 5.848250115378049452e-02 2.258615346278648045e-02
2.477151781772782280e-03 6.686044246433891071e-05 1.324816803472187487e-06 1.548338774152056563e-01 6.025579898453273242e-02 2.326470025854123630e-02
4.125442203666231447e-03 1.456610219228704202e-04 3.774734852726001095e-06 1.607912972827475750e-01 6.265317794104789673e-02 2.418336627595888549e-02
6.817070812636838624e-03 3.149102110354494834e-04 1.067481299931459152e-05 1.687471130050010315e-01 6.592377085345033083e-02 2.544046009827566346e-02
1.115148903184184394e-02 6.740167262019613505e-04 2.989308922023173424e-05 1.793707818354371986e-01 7.043317911279857457e-02 2.718437382592054502e-02
1.800580248288714477e-02 1.423806308909564928e-03 8.264147767404696112e-05 1.935157293667777445e-01 7.672319464849237935e-02 2.964575193204761067e-02
2.859420039072227762e-02 2.956503641999659680e-03 2.246519083526445678e-04 2.122134978366765623e-01 8.559693108572313802e-02 3.319361444604410766e-02
4.447012424430784455e-02 6.003412415104222334e-03 5.973577811345131584e-04 2.366040181100970696e-01 9.822600892001931427e-02 3.843255053867412202e-02
6.740130041597147681e-02 1.184281614891535481e-02 1.543109815626301931e-03 2.677599885440374305e-01 1.162496362022800017e-01 4.636394404370737521e-02
9.904695328715774905e-02 2.251398908362618745e-02 3.838258463969075173e-03 3.063820345373221010e-01 1.417785116421846070e-01 5.862552902640822544e-02
1.404316116074176557e-01 4.086501958421364517e-02 9.089309432709904643e-03 3.524086921960226104e-01 1.771391633359622741e-01 7.776223133428294965e-02
1.913588074947757400e-01 7.013332770768009039e-02 2.021179520952718148e-02 4.046922442244643148e-01 2.241795827726642820e-01 1.073056926260615718e-01
2.500625955678228984e-01 1.128306002755435772e-01 4.156222756931360340e-02 4.609581615611532124e-01 2.831765401068327415e-01 1.511667632154372887e-01
3.133808869946144715e-01 1.692293933869402356e-01 7.790434801188621250e-02 5.181786434881643366e-01 3.518887239039552584e-01 2.118516223972326806e-01
3.774634831071785879e-01 2.364602714625866353e-01 1.318488858357785287e-01 5.732499361644367575e-01 4.256222376246478478e-01 2.880212899372799340e-01
4.386875930629391407e-01 3.091449156818719679e-01 2.013019946420853135e-01 6.236606740627805845e-01 4.986100642943554484e-01 3.735249332885158813e-01
4.943554595737947865e-01 3.812725903398918592e-01 2.795820067570501388e-01 6.678671300731686689e-01 5.658733707035717986e-01 4.595739584970903735e-01
5.429542328708156784e-01 4.480201397486290316e-01 3.584672475060186603e-01 7.053058282761173192e-01 6.243843095495885676e-01 5.384980595109808421e-01
5.840359183088099648e-01 5.065661081538475052e-01 4.314256444341969532e-01 7.361656281440350780e-01 6.731358313392158399e-01 6.060098022399623696e-01
6.179100838743037949e-01 5.559365459913240270e-01 4.948940082398032847e-01 7.610895784899291971e-01 7.125474794057390371e-01 6.610853874196852553e-01
6.453196753416611253e-01 5.964156093363156552e-01 5.478506641316643888e-01 7.809203331347736032e-01 7.437716865679357969e-01 7.046991091317063027e-01
