#  P,Q, P error low, P error high, Q error low, Q error high
5.949585601260454855e-05 3.533758774077399023e-01 1.157686782958854490e-06 1.178284196412193404e-06 3.619515456027400102e-03 3.619515456027400102e-03
3.660260928302604280e-05 1.480592289270336870e-01 7.179876619455824492e-07 7.280316365328070639e-07 1.464744935818579341e-03 1.464744935818579341e-03
5.584333966091007567e-06 6.175173482815246584e-02 1.420937720486821021e-07 1.424749011856385152e-07 6.555437813076381293e-04 6.555437813076381293e-04
1.239609596935470424e-06 2.800399777896268871e-02 6.380852101595304036e-08 6.271025146223844682e-08 3.757991417967336545e-04 3.757991417967336545e-04
2.520308510256972566e-08 1.107798030205406695e-02 1.348753595523523094e-08 2.065107435568669513e-08 3.267395912498298471e-04 3.267395912498298471e-04
2.315239652633180269e-08 4.028024611916328213e-03 1.278731707437625489e-08 1.998895974206287191e-08 3.933185853352452570e-04 3.933185853352452570e-04
1.968250289669158227e-08 2.161266228911771711e-03 1.533847456967557249e-08 3.281585547049506256e-08 1.980179451773799240e-04 1.980179451773799240e-04
0.000000000000000000e+00 0.000000000000000000e+00 0.000000000000000000e+00 0.000000000000000000e+00 0.000000000000000000e+00 0.000000000000000000e+00
0.000000000000000000e+00 0.000000000000000000e+00 0.000000000000000000e+00 0.000000000000000000e+00 0.000000000000000000e+00 0.000000000000000000e+00
