#  P,Q, P error low, P error high, Q error low, Q error high
0.000000000000000000e+00 0.000000000000000000e+00 0.000000000000000000e+00 0.000000000000000000e+00 0.000000000000000000e+00 0.000000000000000000e+00
2.897201423619406857e-02 3.010111723166952746e-01 8.480559836922078876e-04 8.316437953641286907e-04 4.490441298742708920e-03 4.437997174039254311e-03
1.307201830029094958e-03 1.144744259864585723e-01 3.828158409698847672e-05 3.754534882084237593e-05 1.707047589162902224e-03 1.685155552008058000e-03
5.594318514517334506e-05 4.200106224980087316e-02 1.640091479314782731e-06 1.610854551128738943e-06 6.262524319666090689e-04 6.188494321652179830e-04
2.224381522153715230e-06 1.469373835364809824e-02 6.624454703560992002e-08 6.520094769788735509e-08 2.195711806754555018e-04 2.169433399061889561e-04
8.028796307449004488e-08 4.834092879226353084e-03 3.720171912147805496e-09 3.792529203710429569e-09 7.241742133358170658e-05 7.148853866102700128e-05
2.965442812998041637e-09 1.477859831192431059e-03 6.974572361870690881e-10 8.304030678132435914e-10 2.262862261464843733e-05 2.229893230688167506e-05
1.669579517480502122e-10 4.144848659657632468e-04 1.429283542145387374e-10 3.850912812772521952e-10 7.147415959276670963e-06 7.122401329158142575e-06
0.000000000000000000e+00 0.000000000000000000e+00 0.000000000000000000e+00 0.000000000000000000e+00 0.000000000000000000e+00 0.000000000000000000e+00
0.000000000000000000e+00 0.000000000000000000e+00 0.000000000000000000e+00 0.000000000000000000e+00 0.000000000000000000e+00 0.000000000000000000e+00
